City_ID,City,Country,Temperature,Humidity,Cloudiness,Windspeed,Latitude,Longitude,Date
0,cherskiy,RU,25.92,86,100,7.18,68.75,161.3,1650682022
1,butaritari,KI,82.6,74,12,18.48,3.0707,172.7902,1650682302
2,hobart,AU,63.27,53,20,10.36,-42.8794,147.3294,1650682303
3,naze,JP,74.32,80,100,14.25,28.3667,129.4833,1650682019
4,fairbanks,US,51.8,31,0,3.44,64.8378,-147.7164,1650682042
5,kapaa,US,75.52,86,100,16.11,22.0752,-159.319,1650682304
6,ribeira grande,PT,58.12,72,97,15.37,38.5167,-28.7,1650682304
7,punta arenas,CL,44.71,81,40,8.05,-53.15,-70.9167,1650682088
8,bathsheba,BB,79.41,73,40,13.8,13.2167,-59.5167,1650682305
9,porto santo,PT,59.38,72,75,10.36,33.072,-16.3415,1650682305
10,salalah,OM,79.56,80,15,5.19,17.0151,54.0924,1650682306
11,ponta do sol,PT,63.23,69,71,11.01,32.6667,-17.1,1650682306
12,sobolevo,RU,40.68,91,100,7.09,54.4299,31.8996,1650682306
13,longyearbyen,SJ,17.44,79,40,3.44,78.2186,15.6401,1650682307
14,bud,US,71.58,82,11,8.86,39.447,-86.1758,1650682079
15,mataura,NZ,58.48,61,61,8.63,-46.1927,168.8643,1650682308
16,gien,FR,51.55,94,100,2.89,47.6933,2.6309,1650682308
17,vila franca do campo,PT,57.61,70,100,4.92,37.7167,-25.4333,1650682308
18,plouzane,FR,51.85,90,98,12.66,48.3833,-4.6167,1650682309
19,tiksi,RU,14.65,88,100,10.2,71.6872,128.8694,1650682309
20,tautira,PF,79.3,78,82,16.82,-17.7333,-149.15,1650682309
21,hermanus,ZA,49.8,72,0,9.82,-34.4187,19.2345,1650682310
22,mafeteng,LS,52.56,92,100,4.85,-29.823,27.2374,1650682310
23,albany,US,45.88,84,12,4.68,42.6001,-73.9662,1650682311
24,paamiut,GL,33.01,99,100,6.26,61.994,-49.6678,1650682311
25,esperance,AU,66.04,62,15,13.85,-33.8667,121.9,1650682312
26,gat,IL,63.28,100,56,5.1,31.61,34.7642,1650682141
27,dungarvan,IE,47.97,89,26,10.0,52.0881,-7.6253,1650682312
28,aklavik,CA,24.82,87,69,17.36,68.2191,-135.0107,1650682312
29,russell,US,70.83,88,0,0.0,32.3502,-85.1999,1650682313
30,tete,MZ,75.29,88,75,4.61,-16.1564,33.5867,1650682313
31,rikitea,PF,73.33,83,100,4.5,-23.1203,-134.9692,1650682017
32,college,US,51.78,33,75,3.44,64.8569,-147.8028,1650682314
33,east london,ZA,62.85,85,100,6.71,-33.0153,27.9116,1650682092
34,bambous virieux,MU,75.45,64,40,11.5,-20.3428,57.7575,1650682314
35,bluff,NZ,58.8,80,68,29.59,-46.6,168.3333,1650682315
36,high level,CA,46.51,36,75,4.61,58.5169,-117.136,1650682315
37,puerto ayora,EC,72.18,93,12,5.97,-0.7393,-90.3518,1650682316
38,ushuaia,AR,42.46,75,40,3.44,-54.8,-68.3,1650682316
39,san cristobal,VE,69.98,92,40,2.66,7.7669,-72.225,1650682097
40,atuona,PF,79.05,73,29,14.38,-9.8,-139.0333,1650682317
41,yellowknife,CA,39.72,52,20,13.8,62.456,-114.3525,1650682317
42,tazovskiy,RU,2.52,95,40,8.21,67.4667,78.7,1650682317
43,ancud,CL,54.23,88,100,26.11,-41.8697,-73.8203,1650682318
44,omboue,GA,77.02,90,100,3.53,-1.5746,9.2618,1650682318
45,boli,CN,59.81,23,40,11.07,45.7667,130.5167,1650682319
46,sisimiut,GL,26.33,91,100,4.5,66.9395,-53.6735,1650682319
47,singkang,MY,84.72,75,84,2.53,2.1006,102.7994,1650682319
48,gatesville,US,77.68,63,0,14.97,31.4352,-97.7439,1650682109
49,assiniboia,CA,33.62,93,100,11.5,49.6334,-105.9845,1650682320
50,vostok,RU,42.1,68,51,10.11,46.4856,135.8833,1650682320
51,magnolia,US,71.2,64,4,10.29,33.2671,-93.2393,1650682137
52,geraldton,AU,79.21,34,0,21.85,-28.7667,114.6,1650682321
53,san quintin,MX,57.76,74,1,20.78,30.4833,-115.95,1650682321
54,poum,NC,78.21,69,64,8.88,-20.2333,164.0167,1650682322
55,castro,BR,59.43,90,1,5.06,-24.7911,-50.0119,1650682322
56,malyn,UA,43.66,95,100,14.65,50.7723,29.2383,1650682323
57,samarai,PG,84.45,72,78,12.28,-10.6167,150.6667,1650682096
58,dao,PH,82.02,67,34,8.84,11.3937,122.6856,1650682323
59,lagoa,PT,56.91,72,84,15.99,39.05,-27.9833,1650682054
60,pisco,PE,64.45,88,0,8.05,-13.7,-76.2167,1650682195
61,millau,FR,53.73,82,100,17.47,44.0833,2.9167,1650682324
62,tuktoyaktuk,CA,23.0,63,20,17.27,69.4541,-133.0374,1650682324
63,busselton,AU,70.83,42,0,12.8,-33.65,115.3333,1650682325
64,kedrovyy,RU,21.87,64,100,12.33,56.1667,91.8167,1650682325
65,provideniya,RU,33.71,65,13,0.81,64.3833,-173.3,1650682326
66,coquimbo,CL,55.13,100,100,8.05,-29.9533,-71.3436,1650682326
67,kavieng,PG,83.79,74,41,9.08,-2.5744,150.7967,1650682327
68,mahanoro,MG,73.67,93,100,4.56,-19.9,48.8,1650682327
69,itarema,BR,76.1,90,93,6.67,-2.9248,-39.9167,1650682328
70,lexington,US,69.8,71,0,5.75,37.9887,-84.4777,1650682314
71,arraial do cabo,BR,75.97,87,0,8.23,-22.9661,-42.0278,1650682221
72,saint-louis,SN,83.62,18,32,16.46,16.3333,-15.0,1650682328
73,vaini,TO,82.56,69,20,4.61,-21.2,-175.2,1650682329
74,maridi,SS,67.33,95,100,2.98,4.9158,29.4742,1650682329
75,amahai,ID,86.05,67,100,3.71,-3.3333,128.9167,1650682330
76,avera,US,65.71,72,0,6.4,33.194,-82.5271,1650682330
77,alamos,MX,74.52,37,2,2.51,27.0167,-108.9333,1650682330
78,aykhal,RU,15.08,82,100,7.99,66.0,111.5,1650682331
79,hilo,US,79.29,77,75,8.05,19.7297,-155.09,1650682124
80,baturaden,ID,77.41,59,100,1.41,-7.3,109.2167,1650682331
81,pimenta bueno,BR,72.37,98,72,3.06,-11.6725,-61.1936,1650682332
82,carnarvon,AU,82.47,32,0,10.36,-24.8667,113.6333,1650682332
83,cabano,PH,85.41,69,8,13.35,10.5869,122.7002,1650682333
84,kodiak,US,42.31,81,100,13.8,57.79,-152.4072,1650682040
85,tuy hoa,VN,85.91,65,14,4.32,13.0833,109.3,1650682255
86,lebu,CL,55.58,90,100,15.99,-37.6167,-73.65,1650682333
87,gorele,TR,53.29,72,5,7.61,41.0308,39.0031,1650682334
88,shetpe,KZ,53.31,67,83,7.29,44.1667,52.1167,1650682334
89,cabo san lucas,MX,75.51,71,7,15.28,22.8909,-109.9124,1650682304
90,korla,CN,72.45,15,11,6.11,41.7597,86.1469,1650682335
91,ballina,AU,75.38,63,40,17.27,-28.8667,153.5667,1650682160
92,chuy,UY,52.5,94,81,6.42,-33.6971,-53.4616,1650682335
93,klaksvik,FO,40.12,78,100,17.83,62.2266,-6.589,1650682336
94,avarua,CK,78.85,78,100,14.97,-21.2078,-159.775,1650682336
95,port elizabeth,ZA,59.31,99,100,5.75,-33.918,25.5701,1650682337
96,jinji,CN,79.12,81,94,2.26,23.2281,110.8261,1650682337
97,lazaro cardenas,MX,76.12,76,4,5.08,17.9583,-102.2,1650682338
98,nouadhibou,MR,64.38,77,0,16.11,20.931,-17.0347,1650682061
99,port alfred,ZA,58.17,96,100,1.99,-33.5906,26.891,1650682086
100,bilibino,RU,21.56,74,100,2.44,68.0546,166.4372,1650682091
101,taitung,TW,86.27,79,40,11.5,22.7583,121.1444,1650682339
102,mahebourg,MU,75.49,64,40,11.5,-20.4081,57.7,1650682339
103,hithadhoo,MV,84.16,74,100,10.4,-0.6,73.0833,1650682339
104,singkawang,ID,90.01,56,10,1.3,0.9,109.0,1650682340
105,cape town,ZA,57.61,72,20,19.57,-33.9258,18.4232,1650682340
106,horqueta,PY,74.23,75,70,3.4,-23.3428,-57.0597,1650682340
107,namatanai,PG,84.31,71,33,8.34,-3.6667,152.4333,1650682341
108,roswell,US,69.67,74,0,1.14,34.0232,-84.3616,1650682341
109,tasiilaq,GL,33.94,93,100,3.38,65.6145,-37.6368,1650682342
110,ingham,US,44.85,93,100,4.61,42.6,-84.3833,1650682342
111,mar del plata,AR,53.62,88,75,11.99,-38.0023,-57.5575,1650682342
112,shihezi,CN,67.05,29,6,5.64,44.3,86.0333,1650682343
113,aswan,EG,70.9,17,0,10.36,24.0934,32.907,1650682343
114,madinat sittah uktubar,EG,62.2,84,1,11.03,29.8167,31.05,1650682344
115,nanortalik,GL,35.04,99,100,5.37,60.1432,-45.2371,1650682344
116,bethel,US,55.27,55,0,0.0,41.3712,-73.414,1650682345
117,altay,CN,41.47,56,100,4.05,47.8667,88.1167,1650682345
118,fukue,JP,64.76,100,75,2.3,32.6881,128.8419,1650682346
119,quatre cocos,MU,75.31,66,28,19.26,-20.2078,57.7625,1650682346
120,manzhouli,CN,37.56,72,100,17.38,49.6,117.4333,1650682346
121,tomsk,RU,18.82,66,100,15.08,58.5,82.5,1650682347
122,flinders,AU,68.25,72,95,3.91,-34.5833,150.8552,1650682347
123,vestmannaeyjar,IS,45.63,88,15,6.11,63.4427,-20.2734,1650682347
124,saint-philippe,RE,76.59,78,75,14.03,-21.3585,55.7679,1650682348
125,sioux lookout,CA,32.07,100,100,8.05,50.1001,-91.917,1650682348
126,bull savanna,JM,73.33,85,34,6.22,17.8868,-77.5902,1650682349
127,leh,IN,37.65,63,83,4.18,34.1667,77.5833,1650682349
128,bredasdorp,ZA,53.67,71,0,5.28,-34.5322,20.0403,1650682349
129,havre-saint-pierre,CA,37.4,93,0,11.5,50.2334,-63.5986,1650682350
130,isangel,VU,81.77,60,36,11.39,-19.55,169.2667,1650682350
131,panacan,PH,86.74,66,48,8.63,9.2463,118.4082,1650682351
132,new norfolk,AU,62.92,39,5,3.94,-42.7826,147.0587,1650682351
133,palu,ID,86.56,67,100,2.04,-0.8917,119.8707,1650682208
134,lerwick,GB,44.6,80,100,17.05,60.1545,-1.1494,1650682351
135,saskylakh,RU,5.94,93,96,4.36,71.9167,114.0833,1650682352
136,buraydah,SA,75.65,29,100,9.46,26.326,43.975,1650682352
137,saldanha,ZA,53.65,77,0,15.26,-33.0117,17.9442,1650682353
138,nhulunbuy,AU,88.41,70,75,13.8,-12.2333,136.7667,1650682353
139,tara,RU,21.79,52,94,11.21,56.8944,74.371,1650682353
140,ossora,RU,28.58,80,78,3.42,59.2353,163.0719,1650682354
141,touros,BR,76.82,91,100,8.63,-5.1989,-35.4608,1650682128
142,caxito,AO,73.81,99,87,2.57,-8.5785,13.6643,1650682354
143,teknaf,BD,86.25,69,9,4.9,20.8624,92.3058,1650682355
144,los llanos de aridane,ES,60.55,85,100,3.44,28.6585,-17.9182,1650682355
145,mayumba,GA,76.84,91,100,4.59,-3.432,10.6554,1650682355
146,pingzhuang,CN,73.72,14,63,20.11,42.0372,119.2889,1650682356
147,dawei,MM,90.3,55,8,4.34,14.0833,98.2,1650682356
148,wamba,NG,78.17,69,76,2.19,8.9333,8.6,1650682357
149,wanning,CN,84.94,70,8,11.23,18.8003,110.3967,1650682357
150,acapetahua,MX,79.45,76,12,2.01,15.2833,-92.7,1650682357
151,sabha,LY,67.69,33,1,12.59,27.0377,14.4283,1650682145
152,les cayes,HT,74.73,85,72,1.86,18.2,-73.75,1650682358
153,canutama,BR,74.53,90,44,2.66,-6.5339,-64.3831,1650682358
154,hue,VN,86.11,74,20,2.3,16.4667,107.6,1650682359
155,muzhi,RU,8.47,90,100,4.03,65.3667,64.6667,1650682359
156,nome,US,42.17,60,0,6.91,64.5011,-165.4064,1650682359
157,norman wells,CA,30.24,47,0,14.97,65.282,-126.8329,1650682360
158,pahrump,US,64.45,25,2,5.99,36.2083,-115.9839,1650682360
159,toropets,RU,39.49,92,100,4.41,56.4978,31.6353,1650682361
160,half moon bay,US,57.33,79,40,23.02,37.4636,-122.4286,1650682151
161,pontianak,ID,85.98,70,40,0.0,-0.0333,109.3333,1650682361
162,liberty,US,66.31,36,0,0.0,31.8335,-81.5004,1650682362
163,harper,LR,78.31,84,40,1.83,4.375,-7.7169,1650682362
164,male,MV,82.35,83,75,16.11,4.1748,73.5089,1650682213
165,dikson,RU,2.61,98,98,5.41,73.5069,80.5464,1650682362
166,risor,NO,51.3,76,86,15.39,58.7206,9.2342,1650682363
167,kupang,ID,87.75,57,77,5.64,-10.1667,123.5833,1650682363
168,airai,TL,75.33,47,52,4.25,-8.9266,125.4092,1650682364
169,souillac,MU,75.58,64,40,11.5,-20.5167,57.5167,1650682364
170,vizinga,RU,37.45,86,100,5.93,61.0749,50.1031,1650682364
171,esqueda,MX,63.54,23,19,17.96,30.7167,-109.5833,1650682365
172,henties bay,NA,60.85,89,0,5.88,-22.116,14.2845,1650682365
173,barinas,VE,82.44,69,51,4.61,8.6226,-70.2075,1650682278
174,gigmoto,PH,85.19,71,40,7.56,13.7796,124.39,1650682366
175,hasaki,JP,73.29,69,100,1.63,35.7333,140.8333,1650682366
176,vermillion,US,77.16,74,32,26.57,42.7794,-96.9292,1650682367
177,juneau,US,48.2,84,100,14.97,58.3019,-134.4197,1650682202
178,waipawa,NZ,57.36,48,52,5.91,-41.4122,175.5153,1650682367
179,jamestown,US,48.02,62,100,6.91,42.097,-79.2353,1650682228
180,cedartown,US,67.3,84,0,4.45,34.0537,-85.255,1650682368
181,kaitangata,NZ,60.03,57,69,10.67,-46.2817,169.8464,1650682368
182,georgetown,MY,82.33,78,40,8.05,5.4112,100.3354,1650682299
183,port macquarie,AU,66.63,76,94,6.91,-31.4333,152.9167,1650682368
184,phonhong,LA,88.18,56,1,1.81,18.5007,102.4166,1650682369
185,sitka,US,48.09,66,100,12.66,57.0531,-135.33,1650682313
186,porbandar,IN,78.78,89,0,9.22,21.6422,69.6093,1650682369
187,nurota,UZ,71.26,42,31,3.89,40.5614,65.6886,1650682370
188,xining,CN,57.99,38,100,2.51,36.6167,101.7667,1650682370
189,balaipungut,ID,80.91,84,97,1.23,1.05,101.2833,1650682370
190,inuvik,CA,34.56,44,0,13.8,68.3499,-133.7218,1650682371
191,doha,QA,78.78,42,0,9.22,25.2867,51.5333,1650682101
192,inongo,CD,72.0,96,100,2.42,-1.95,18.2667,1650682371
193,fortuna,US,52.14,87,20,9.22,40.5982,-124.1573,1650682372
194,faanui,PF,79.38,75,62,4.63,-16.4833,-151.75,1650682372
195,yatou,CN,62.78,40,41,14.97,37.15,122.3833,1650682372
196,bloomfield,US,61.05,40,0,4.61,40.8068,-74.1854,1650682373
197,sambava,MG,75.49,90,93,6.93,-14.2667,50.1667,1650682373
198,tomatlan,MX,68.27,89,0,1.74,19.9333,-105.25,1650682374
199,vanimo,PG,79.29,86,100,4.92,-2.6741,141.3028,1650682374
200,alta,NO,34.86,72,100,3.44,69.9689,23.2717,1650682375
201,el alto,PE,67.53,84,25,12.46,-4.2714,-81.2147,1650682375
202,shiraz,IR,54.84,38,18,0.0,29.6036,52.5388,1650682375
203,alta floresta,BR,70.39,98,90,2.98,-9.8756,-56.0861,1650682376
204,yulara,AU,71.44,33,96,18.41,-25.2406,130.9889,1650682376
205,nishihara,JP,80.26,84,100,17.27,26.1842,127.7558,1650682376
206,te anau,NZ,55.0,67,62,6.73,-45.4167,167.7167,1650682377
207,boende,CD,70.99,98,96,2.95,-0.2167,20.8667,1650682377
208,tekkali,IN,91.02,50,2,5.32,18.6167,84.2333,1650682378
209,nikolskoye,RU,40.71,80,83,3.69,59.7035,30.7861,1650682378
210,cape canaveral,US,75.02,71,0,18.41,28.4058,-80.6048,1650682180
211,banepa,NP,66.52,64,20,2.3,27.6298,85.5214,1650682379
212,paciran,ID,85.71,71,17,7.2,-6.8767,112.3761,1650682379
213,verkhoyansk,RU,25.02,82,100,5.64,67.5447,133.385,1650682380
214,porto novo,BJ,82.22,80,100,5.82,6.4965,2.6036,1650682380
215,barrow,US,17.62,86,100,8.05,71.2906,-156.7887,1650682380
216,pervomayskoye,RU,52.79,59,73,4.76,43.919,46.7102,1650682381
217,constantine,DZ,54.81,50,0,5.75,36.365,6.6147,1650682381
218,kathmandu,NP,68.22,64,20,2.3,27.7167,85.3167,1650682224
219,gamba,GA,76.24,91,100,6.29,-2.65,10.0,1650682382
220,bafq,IR,72.77,32,3,1.77,31.6128,55.4107,1650682383
221,lamar,US,75.36,64,0,13.8,33.6668,-95.5836,1650682383
222,calvinia,ZA,56.03,74,58,5.55,-31.4707,19.776,1650682383
223,mehamn,NO,36.54,84,95,17.05,71.0357,27.8492,1650682384
224,alofi,NU,82.29,78,3,8.05,-19.0595,-169.9187,1650682384
225,qidong,CN,65.41,86,100,5.32,31.8128,121.6561,1650682384
226,lagunas,PE,74.68,88,100,2.82,-5.2269,-75.6753,1650682385
227,kyshtovka,RU,22.55,67,76,9.71,56.555,76.6271,1650682385
228,severo-kurilsk,RU,37.98,99,100,10.11,50.6789,156.125,1650682306
229,lompoc,US,56.79,79,0,19.57,34.6391,-120.4579,1650682386
230,taoudenni,ML,75.29,12,100,10.71,22.6783,-3.9836,1650682386
231,vanavara,RU,35.01,60,33,7.61,60.34,102.2797,1650682387
232,port augusta,AU,70.63,31,9,6.17,-32.5,137.7667,1650682387
233,broome,US,44.55,72,100,1.99,42.2506,-75.833,1650682388
234,saint george,US,54.63,60,20,5.75,37.1041,-113.5841,1650682138
235,ayagoz,KZ,40.5,77,100,9.37,47.9714,80.4392,1650682388
236,gannan,CN,54.48,25,100,10.96,47.9147,123.5031,1650682388
237,palauig,PH,87.26,57,1,6.8,15.435,119.9045,1650682389
238,immokalee,US,72.91,80,2,12.12,26.4187,-81.4173,1650682389
239,la ronge,CA,43.05,52,75,1.14,55.1001,-105.2842,1650682390
240,haines junction,CA,40.95,42,100,5.75,60.7522,-137.5108,1650682390
241,eskil,TR,52.77,46,0,2.57,38.4017,33.4131,1650682390
242,viedma,AR,52.25,51,80,16.96,-40.8135,-62.9967,1650682391
243,clyde river,CA,-5.57,77,0,5.75,70.4692,-68.5914,1650682391
244,chalon-sur-saone,FR,55.22,91,100,4.81,46.7833,4.85,1650682392
245,pevek,RU,16.47,90,96,4.59,69.7008,170.3133,1650682392
246,novoagansk,RU,13.23,83,100,15.88,61.9449,76.6625,1650682392
247,dhidhdhoo,MV,83.97,70,99,4.09,6.8833,73.1,1650682183
248,havelock,US,65.95,88,100,0.0,34.8791,-76.9013,1650682393
249,sao filipe,CV,72.3,80,57,3.04,14.8961,-24.4956,1650682393
250,yumen,CN,65.43,13,100,11.34,40.2833,97.2,1650682394
251,narsaq,GL,34.38,98,100,3.36,60.9167,-46.05,1650682394
252,le port,RE,77.0,71,57,7.87,-20.9373,55.2919,1650682395
253,pacific grove,US,57.51,82,0,14.0,36.6177,-121.9166,1650682395
254,gravelbourg,CA,34.07,92,100,11.54,49.8834,-106.5512,1650682396
255,kysyl-syr,RU,27.95,79,99,5.75,63.8986,122.7617,1650682209
256,taiyuan,CN,67.86,24,0,6.71,37.8694,112.5603,1650682396
257,axim,GH,79.56,86,25,6.51,4.8699,-2.2405,1650682397
258,grand gaube,MU,75.6,68,9,7.0,-20.0064,57.6608,1650682397
259,sahuaripa,MX,73.96,34,1,5.91,29.05,-109.2333,1650682397
260,san patricio,US,76.89,86,18,17.38,28.017,-97.5169,1650682398
261,seymchan,RU,24.64,73,97,0.36,62.8833,152.4333,1650682398
262,uvira,CD,71.19,86,52,3.91,-3.4067,29.1458,1650682399
263,ati,TD,88.29,26,96,6.85,13.2154,18.3353,1650682399
264,guia lopes da laguna,BR,76.35,58,63,7.16,-21.4578,-56.1142,1650682400
265,norilsk,RU,15.15,87,96,2.3,69.3535,88.2027,1650682400
266,alberton,CA,42.93,75,7,19.66,46.8168,-64.0654,1650682400
267,egvekinot,RU,24.21,87,100,2.26,66.3167,-179.1667,1650682401
268,pangody,RU,4.39,94,86,10.11,65.85,74.4859,1650682401
269,anadyr,RU,30.7,86,75,2.24,64.75,177.4833,1650682401
270,nicoya,CR,78.69,78,85,2.26,10.1483,-85.452,1650682402
271,ilulissat,GL,13.3,97,98,3.06,69.2167,-51.1,1650682402
272,tuatapere,NZ,57.7,68,59,10.56,-46.1333,167.6833,1650682403
273,teguldet,RU,22.68,63,100,12.95,57.3064,88.1667,1650682403
274,upernavik,GL,-1.75,99,61,4.43,72.7868,-56.1549,1650682403
275,birjand,IR,66.67,26,75,0.0,32.8663,59.2211,1650682404
276,aleksandrov gay,RU,45.25,91,44,7.96,50.147,48.5704,1650682404
277,dali,CN,69.42,49,22,4.92,25.7,100.1833,1650682405
278,tezu,IN,72.52,91,99,1.68,27.9167,96.1667,1650682405
279,atasu,KZ,47.07,46,99,10.42,48.6814,71.6433,1650682406
280,the valley,AI,77.09,71,96,15.39,18.217,-63.0578,1650682133
281,deer lake,CA,39.06,81,100,8.05,49.1667,-57.4316,1650682406
282,iqaluit,CA,4.73,78,0,11.5,63.7506,-68.5145,1650682406
283,christchurch,NZ,64.42,56,66,14.97,-43.5333,172.6333,1650682188
284,sanmenxia,CN,79.18,26,9,3.13,34.7747,111.1814,1650682407
285,khani,GE,36.97,64,23,5.53,41.9563,42.9566,1650682407
286,takhatpur,IN,95.77,19,60,2.08,22.15,81.8667,1650682408
287,batagay-alyta,RU,18.19,84,100,4.92,67.8006,130.4114,1650682408
288,khatanga,RU,11.64,86,81,7.94,71.9667,102.5,1650682408
289,umm lajj,SA,76.24,72,20,0.65,25.0213,37.2685,1650682409
290,constitucion,CL,54.93,92,52,3.33,-35.3333,-72.4167,1650682409
291,atambua,ID,84.51,57,23,1.1,-9.1061,124.8925,1650682410
292,santa isabel do rio negro,BR,73.81,99,100,2.59,-0.4139,-65.0192,1650682410
293,canton,CN,80.55,54,87,6.78,23.1167,113.25,1650682234
294,yeppoon,AU,78.58,63,26,21.92,-23.1333,150.7333,1650682411
295,sibu,MY,86.31,74,40,3.44,2.3,111.8167,1650682411
296,lodja,CD,69.48,97,62,1.36,-3.4833,23.4333,1650682411
297,torrington,US,50.41,68,35,1.01,41.8007,-73.1212,1650682412
298,saint-pierre,RE,76.68,75,0,26.46,-21.3393,55.4781,1650682137
299,brae,GB,45.41,79,100,17.87,60.3964,-1.353,1650682412
300,sao joao da barra,BR,74.84,84,0,5.7,-21.6403,-41.0511,1650682354
301,fukuma,JP,71.29,73,100,6.04,33.7667,130.4667,1650682413
302,hovd,MN,47.95,24,75,1.81,48.0056,91.6419,1650682413
303,niquero,CU,75.15,84,94,18.99,20.0431,-77.5828,1650682413
304,lao cai,VN,85.73,64,64,1.63,22.4833,103.95,1650682414
305,madimba,TZ,74.8,91,59,5.01,-10.4,40.3333,1650682414
306,isiolo,KE,67.19,87,100,1.66,0.3546,37.5822,1650682415
307,road town,VG,75.24,78,40,8.05,18.4167,-64.6167,1650682386
308,qaanaaq,GL,1.31,94,100,2.13,77.484,-69.3632,1650682415
309,bubaque,GW,75.99,78,96,6.98,11.2833,-15.8333,1650682416
310,grenville,GD,78.85,73,8,13.91,12.1167,-61.6167,1650682416
311,vigrestad,NO,45.97,64,8,10.33,58.5667,5.7,1650682417
312,castletown,IE,45.09,78,15,13.06,53.0281,-9.0686,1650682417
313,arlit,NE,82.11,12,8,7.4,18.7369,7.3853,1650682417
314,champasak,LA,85.08,44,10,1.66,14.75,106.0,1650682418
315,kavaratti,IN,84.7,72,70,4.43,10.5669,72.642,1650682418
316,presidente dutra,BR,72.21,95,74,3.06,-5.29,-44.49,1650682419
317,oranjemund,NA,55.47,92,35,13.04,-28.55,16.4333,1650682419
318,jackson,US,60.67,41,0,9.22,42.4165,-122.8345,1650682306
319,port hawkesbury,CA,41.92,92,100,5.75,45.6169,-61.3485,1650682419
320,camacha,PT,56.62,72,75,10.36,33.0833,-16.3333,1650682420
321,hami,CN,72.73,12,3,7.9,42.8,93.45,1650682420
322,coihaique,CL,46.35,76,75,9.22,-45.5752,-72.0662,1650682421
323,sangar,RU,27.52,90,100,2.15,63.9242,127.4739,1650682421
324,kutum,SD,73.35,16,90,5.7,14.2,24.6667,1650682422
325,margate,GB,53.31,79,97,5.99,51.3813,1.3862,1650682422
326,laguna,US,64.58,54,0,5.01,38.421,-121.4238,1650682422
327,krupina,SK,47.05,93,100,1.99,48.3554,19.0647,1650682423
328,terrace bay,CA,34.88,89,100,9.75,48.7834,-87.1,1650682423
329,tyup,KG,51.58,74,90,4.88,42.7276,78.3648,1650682424
330,srivardhan,IN,87.37,66,58,3.56,18.0333,73.0167,1650682424
331,oban,GB,44.38,74,20,7.58,56.4127,-5.4706,1650682424
332,praia da vitoria,PT,56.75,82,75,7.49,38.7333,-27.0667,1650682425
333,portland,US,57.13,79,75,5.75,45.5234,-122.6762,1650682359
334,beringovskiy,RU,29.62,84,100,1.97,63.05,179.3167,1650682207
335,vila velha,BR,76.95,79,0,3.44,-20.3297,-40.2925,1650682425
336,torbay,CA,38.17,73,100,11.5,47.6666,-52.7314,1650682426
337,forquilhinha,BR,64.78,92,100,4.61,-28.7475,-49.4722,1650682426
338,shakiso,ET,56.68,97,100,2.42,5.75,38.9167,1650682426
339,gornopravdinsk,RU,16.32,75,77,7.36,60.05,69.9,1650682427
340,aguilas,ES,59.86,75,19,21.68,37.4063,-1.5829,1650682427
341,bengkulu,ID,84.92,66,72,5.19,-3.8004,102.2655,1650682340
342,montague,US,47.98,63,2,2.53,42.5356,-72.5351,1650682428
343,cidreira,BR,65.91,92,100,9.33,-30.1811,-50.2056,1650682428
344,tura,IN,79.88,74,9,5.41,25.5198,90.2201,1650682429
345,kampene,CD,67.75,97,60,2.1,-3.6,26.6667,1650682429
346,deputatskiy,RU,13.44,84,91,1.88,69.3,139.9,1650682296
347,emirdag,TR,52.86,48,75,3.4,39.0197,31.15,1650682429
348,lamu,KE,80.17,77,71,8.23,-2.2717,40.902,1650682430
349,goulburn,AU,63.25,60,57,6.73,-34.75,149.7167,1650682430
350,canala,NC,78.31,63,66,7.56,-21.5333,165.95,1650682431
351,saint-francois,FR,53.67,82,0,3.44,46.4154,3.9054,1650682431
352,gohand,IN,95.31,17,0,3.11,25.7,79.55,1650682431
353,vidim,RU,30.47,85,100,13.29,56.4088,103.1106,1650682432
354,mayo,US,61.5,68,0,0.0,38.8876,-76.5119,1650682432
355,kismayo,SO,81.46,79,58,8.63,-0.3582,42.5454,1650682433
356,burns lake,CA,49.42,79,99,5.57,54.2331,-125.7533,1650682419
357,grindavik,IS,45.07,81,100,11.5,63.8424,-22.4338,1650682215
358,sao pedro do piaui,BR,73.45,84,93,1.7,-5.9294,-42.7186,1650682433
359,manzanillo,CU,74.07,83,87,15.03,20.3433,-77.1167,1650682434
360,filadelfia,US,59.02,45,100,6.71,39.9523,-75.1638,1650682233
361,trairi,BR,74.98,94,96,6.98,-3.2778,-39.2689,1650682434
362,sipovo,BA,48.04,91,78,3.13,44.2814,17.0839,1650682435
363,lata,PT,50.81,98,96,4.32,40.1629,-8.3327,1650682435
364,healdsburg,US,56.91,55,59,3.04,38.6105,-122.8692,1650682436
365,borogontsy,RU,35.71,58,93,0.78,62.6683,131.1683,1650682436
366,saint-joseph,RE,75.58,77,43,15.19,-21.3667,55.6167,1650682436
367,lasa,IT,45.36,97,96,3.53,46.6166,10.7002,1650682437
368,faya,SA,57.72,39,71,2.93,18.3851,42.4509,1650682437
369,cap malheureux,MU,75.47,68,9,7.0,-19.9842,57.6142,1650682438
370,velikiy ustyug,RU,40.05,91,90,2.64,60.7644,46.3106,1650682438
371,hamilton,US,66.24,68,0,0.0,39.1834,-84.5333,1650682159
372,mount isa,AU,76.77,65,100,13.8,-20.7333,139.5,1650682439
373,dauphin,CA,33.94,99,100,12.66,51.1494,-100.0502,1650682439
374,beyneu,KZ,59.31,54,93,8.19,45.3167,55.2,1650682439
375,chokurdakh,RU,17.37,90,100,5.91,70.6333,147.9167,1650682440
376,misratah,LY,61.48,75,0,6.62,32.3754,15.0925,1650682440
377,bergen,NO,49.87,66,40,0.0,60.392,5.328,1650682441
378,shache,CN,71.1,27,100,9.55,38.4167,77.2406,1650682441
379,srednekolymsk,RU,24.33,80,100,8.61,67.45,153.6833,1650682441
380,victoria,HK,84.25,83,6,5.99,22.2855,114.1577,1650682231
381,sao mateus do maranhao,BR,72.77,97,100,3.24,-4.0417,-44.475,1650682442
382,jurm,AF,58.08,49,0,2.66,36.8648,70.8342,1650682442
383,flin flon,CA,33.69,95,100,4.56,54.7682,-101.865,1650682443
384,thompson,CA,33.96,60,40,0.0,55.7435,-97.8558,1650682443
385,broken hill,AU,67.71,56,51,8.05,-31.95,141.4333,1650682444
386,dmytrivka,UA,47.12,89,72,14.97,45.9717,28.9864,1650682444
387,codrington,AU,62.74,55,27,13.71,-38.2667,141.9667,1650682444
388,fasa,IR,52.84,43,0,6.91,28.9383,53.6482,1650682445
389,katsuura,JP,70.63,65,99,18.61,35.1333,140.3,1650682445
390,parana,AR,52.57,97,2,5.35,-31.732,-60.5238,1650682446
391,chapais,CA,22.78,89,43,6.29,49.7834,-74.8492,1650682171
392,orotukan,RU,23.77,83,100,4.97,62.2667,151.7,1650682446
393,nebug,RU,46.06,76,6,7.07,44.1714,39.0036,1650682446
394,srikakulam,IN,89.64,53,5,6.15,18.3,83.9,1650682194
395,asfi,MA,61.0,79,99,15.93,32.2994,-9.2372,1650682447
396,sheridan,US,42.46,88,100,27.63,44.8333,-106.9173,1650682448
397,visnes,NO,49.21,71,7,8.05,59.3556,5.2242,1650682448
398,saint-georges,GD,78.48,78,20,8.05,12.0564,-61.7485,1650682449
399,chingirlau,KZ,47.46,82,100,12.44,51.095,54.0814,1650682449
400,emerald,AU,78.94,57,100,14.97,-23.5333,148.1667,1650682450
401,opaka,BG,57.45,64,9,5.79,43.45,26.1667,1650682450
402,katobu,ID,88.34,60,73,0.87,-4.9408,122.5276,1650682450
403,makubetsu,JP,37.11,93,75,23.02,45.3714,141.8211,1650682451
404,price,US,40.12,64,100,18.54,39.5994,-110.8107,1650682451
405,dekar,BW,66.67,55,100,3.76,-21.5333,21.9333,1650682452
406,nikolsk,RU,36.01,76,20,6.04,53.7189,46.0712,1650682452
407,luanda,AO,77.0,94,75,4.61,-8.8368,13.2343,1650682453
408,ostrovnoy,RU,27.93,88,100,8.99,68.0531,39.5131,1650682453
409,joaima,BR,69.4,86,27,2.98,-16.6542,-41.0306,1650682339
410,vao,NC,75.4,68,21,13.94,-22.6667,167.4833,1650682454
411,estacion coahuila,MX,66.52,27,71,12.77,32.1939,-115.0017,1650682454
412,khvoynaya,RU,43.86,93,100,0.63,58.9,34.5333,1650682454
413,maraba,BR,71.89,98,100,1.68,-5.3686,-49.1178,1650682455
414,buala,SB,81.84,78,99,4.61,-8.145,159.5921,1650682455
415,umba,RU,31.21,93,100,5.44,66.6871,34.3429,1650682456
416,kirakira,SB,83.5,75,76,7.02,-10.4544,161.9205,1650682456
417,banda aceh,ID,85.14,70,98,6.02,5.5577,95.3222,1650682457
418,labuhan,ID,85.96,71,22,6.51,-6.8844,112.2051,1650682457
419,panorama,GR,51.46,87,20,4.61,40.5878,23.0315,1650682457
420,sumenep,ID,86.23,71,100,8.63,-7.0167,113.8667,1650682458
421,murray bridge,AU,69.12,43,10,7.81,-35.1167,139.2667,1650682458
422,joshimath,IN,66.15,30,0,1.68,30.5667,79.5667,1650682458
423,neuquen,AR,64.29,36,0,16.11,-38.9516,-68.0591,1650682459
424,harsewinkel,DE,52.57,81,100,12.66,51.9667,8.2333,1650682459
425,maniitsoq,GL,30.45,94,100,3.85,65.4167,-52.9,1650682460
426,pangai,TO,84.31,65,20,5.75,-19.8,-174.35,1650682460
427,lavrentiya,RU,31.26,84,5,3.62,65.5833,-171.0,1650682461
428,namibe,AO,71.71,81,88,5.19,-15.1961,12.1522,1650682461
429,buta,CD,68.88,95,100,1.03,2.7858,24.73,1650682461
430,ekhabi,RU,30.42,89,100,15.17,53.5102,142.9671,1650682462
431,huarmey,PE,67.62,87,96,7.25,-10.0681,-78.1522,1650682462
432,kulhudhuffushi,MV,83.79,70,100,4.29,6.6221,73.07,1650682462
433,hofn,IS,45.07,83,48,2.26,64.2539,-15.2082,1650682463
434,buchanan,LR,77.97,84,95,2.93,5.8808,-10.0467,1650682361
435,svetlaya,RU,48.13,59,43,5.88,46.5389,138.3297,1650682463
436,watertown,US,53.91,44,0,8.05,42.3709,-71.1828,1650682312
437,cayenne,GF,77.09,1,100,0.0,4.9333,-52.3333,1650682360
438,udalguri,IN,75.65,81,71,7.4,26.7667,92.1333,1650682464
439,kazanskaya,RU,40.59,82,12,3.44,45.4106,40.4361,1650682465
440,kloulklubed,PW,82.9,79,27,9.78,7.0419,134.2556,1650682465
441,kieta,PG,83.21,73,94,3.04,-6.2167,155.6333,1650682460
442,itupiranga,BR,72.95,96,100,1.99,-5.1347,-49.3267,1650682449
443,birao,CF,78.87,61,97,4.32,10.2849,22.7882,1650682466
444,yar-sale,RU,2.19,93,100,8.43,66.8333,70.8333,1650682466
445,adrar,MR,68.99,21,70,8.93,20.5022,-10.0711,1650682466
446,port blair,IN,87.84,70,20,6.91,11.6667,92.75,1650682467
447,aden,YE,81.9,79,14,14.52,12.7794,45.0367,1650682467
448,cutlerville,US,47.16,94,100,17.27,42.8409,-85.6636,1650682468
449,krasnoselkup,RU,15.37,91,93,13.33,65.7,82.4667,1650682468
450,okha,RU,30.6,87,100,15.17,53.5739,142.9478,1650682468
451,saint-augustin,CA,32.68,99,100,2.51,51.226,-58.6502,1650682469
452,hitachi,JP,75.74,67,100,3.91,36.6,140.65,1650682469
453,navolato,MX,75.63,83,100,4.14,24.7672,-107.6944,1650682469
454,gloucester,GB,48.96,81,100,5.01,51.8657,-2.2431,1650682470
455,lauf,DE,50.18,79,33,9.22,48.65,8.1333,1650682470
456,ngunguru,NZ,65.61,52,0,11.39,-35.6167,174.5,1650682212
457,saint anthony,US,53.53,92,100,13.8,45.0205,-93.218,1650682471
458,akot,IN,95.18,24,56,1.03,21.0964,77.0586,1650682471
459,sharan,RU,38.52,61,43,6.53,54.8167,54.0,1650682472
460,rio brilhante,BR,75.9,55,32,8.12,-21.8019,-54.5464,1650682273
461,nador,MA,64.47,82,0,9.22,35.174,-2.9287,1650682472
462,merke,KZ,66.78,50,38,2.13,42.8728,73.1786,1650682473
463,pasighat,IN,74.26,85,92,0.78,28.0667,95.3333,1650682473
464,chinhoyi,ZW,59.88,98,49,3.65,-17.3667,30.2,1650682473
465,isla mujeres,MX,77.16,75,13,13.8,21.2311,-86.731,1650682474
466,notre-dame-du-lac,CA,35.94,77,9,10.96,47.6136,-68.7964,1650682474
467,komsomolskiy,UZ,65.12,45,0,2.3,40.4272,71.7189,1650682475
468,amfiklia,GR,51.3,63,1,4.05,38.6333,22.5833,1650682475
469,goderich,CA,44.92,81,100,6.91,43.7501,-81.7165,1650682416
470,aksarka,RU,4.98,91,100,4.59,66.5606,67.7975,1650682476
471,okakarara,NA,56.16,58,5,4.88,-20.5833,17.4333,1650682476
472,meulaboh,ID,83.14,80,97,1.21,4.1363,96.1285,1650682476
473,bodden town,KY,80.6,80,20,12.66,19.2833,-81.25,1650682477
474,zhicheng,CN,76.57,67,61,5.37,30.2956,111.5047,1650682477
475,coos bay,US,53.58,88,0,6.91,43.3665,-124.2179,1650682220
476,veraval,IN,87.66,41,8,9.26,20.9,70.3667,1650682478
477,plettenberg bay,ZA,59.4,79,98,3.65,-34.0527,23.3716,1650682478
478,wakkanai,JP,37.38,93,75,23.02,45.4094,141.6739,1650682478
479,astaneh-ye ashrafiyeh,IR,55.33,82,0,0.47,37.2596,49.9444,1650682479
480,canavieiras,BR,75.16,86,7,3.15,-15.675,-38.9472,1650682479
481,kudahuvadhoo,MV,80.44,79,100,9.17,2.6708,72.8944,1650682480
482,acapulco,MX,79.75,72,3,4.63,16.8634,-99.8901,1650682270
483,kruisfontein,ZA,56.88,81,100,2.17,-34.0033,24.7314,1650682480
484,celendin,PE,55.98,83,79,1.72,-6.8703,-78.1517,1650682480
485,bowen,AU,77.0,81,100,21.52,-20.0167,148.2333,1650682481
486,florianopolis,BR,71.4,93,100,9.22,-27.6146,-48.5012,1650682481
487,lusambo,CD,69.73,96,100,0.58,-4.9667,23.45,1650682482
488,luganville,VU,79.88,87,95,6.82,-15.5333,167.1667,1650682482
489,bilma,NE,84.6,15,1,3.2,18.6853,12.9164,1650682482
490,winchester,GB,50.49,83,100,5.01,51.0651,-1.3187,1650682483
491,kabare,CD,62.37,92,97,1.23,-2.4683,28.8242,1650682483
492,salamiyah,SY,62.11,25,87,7.34,35.0113,37.0532,1650682484
493,moberly,US,75.18,52,0,13.8,39.4184,-92.4382,1650682225
494,coihueco,CL,54.34,94,100,4.61,-36.6167,-71.8333,1650682484
495,berlevag,NO,33.6,82,99,14.83,70.8578,29.0864,1650682485
496,turayf,SA,68.25,22,0,16.11,31.6725,38.6637,1650682485
497,evensk,RU,26.65,74,42,1.21,61.95,159.2333,1650682486
498,hay river,CA,37.38,41,40,4.61,60.8156,-115.7999,1650682331
499,kalmunai,LK,82.2,75,98,7.09,7.4167,81.8167,1650682486
500,qandala,SO,83.16,67,8,7.14,11.472,49.8728,1650682487
501,chifeng,CN,70.21,17,49,25.17,42.2683,118.9636,1650682422
502,kununurra,AU,93.18,26,9,12.66,-15.7667,128.7333,1650682487
503,cedar city,US,37.4,93,100,6.91,37.6775,-113.0619,1650682472
504,alice springs,AU,72.95,32,100,12.66,-23.7,133.8833,1650682488
505,richards bay,ZA,68.86,95,69,7.29,-28.783,32.0377,1650682488
506,upington,ZA,61.18,67,0,4.61,-28.4478,21.2561,1650682396
507,salym,RU,16.79,76,98,9.06,60.0625,71.4789,1650682489
508,walvis bay,NA,59.09,94,0,9.22,-22.9575,14.5053,1650682489
509,port-gentil,GA,80.91,81,95,7.9,-0.7193,8.7815,1650682490
510,port lincoln,AU,62.49,63,67,14.18,-34.7333,135.8667,1650682387
511,fermoy,IE,47.64,94,22,6.55,52.1358,-8.2758,1650682490
512,noyabrsk,RU,9.46,89,99,18.1,63.1994,75.4507,1650682490
513,borba,BR,72.54,94,96,1.72,-4.3878,-59.5939,1650682336
514,bonthe,SL,78.93,86,100,5.06,7.5264,-12.505,1650682491
515,aldama,MX,76.8,91,15,7.09,22.9167,-98.0667,1650682491
516,belmonte,BR,76.77,83,2,5.61,-15.8631,-38.8828,1650682492
517,fort nelson,CA,51.39,24,40,3.44,58.8053,-122.7002,1650682492
518,sao francisco,BR,76.46,51,96,3.09,-15.9486,-44.8644,1650682493
519,qasigiannguit,GL,12.56,97,100,3.13,68.8193,-51.1922,1650682493
520,san rafael,AR,54.07,72,3,8.55,-34.6177,-68.3301,1650682493
521,kjollefjord,NO,35.65,86,98,17.16,70.9457,27.3465,1650682494
522,pillaro,EC,55.96,87,100,1.01,-1.1667,-78.5333,1650682494
523,antofagasta,CL,60.08,81,58,3.96,-23.65,-70.4,1650682272
524,tevriz,RU,20.08,49,63,9.73,57.509,72.4042,1650682495
525,dongli,CN,80.58,83,20,4.47,23.5656,116.8194,1650682495
526,dalaba,GN,65.44,72,79,1.36,10.7,-12.25,1650682495
527,vila,PT,34.68,99,100,3.33,42.0304,-8.1588,1650682496
528,koslan,RU,35.08,92,100,6.51,63.4564,48.8989,1650682496
529,raudeberg,NO,48.87,81,100,10.09,61.9875,5.1352,1650682497
530,omsukchan,RU,22.86,72,99,4.27,62.5333,155.8,1650682497
531,quesnel,CA,52.3,43,20,5.75,52.9999,-122.5029,1650682497
532,stephenville,US,78.24,57,0,23.0,32.2207,-98.2023,1650682498
533,qinzhou,CN,83.23,69,76,10.11,21.95,108.6167,1650682498
534,zhigansk,RU,20.05,84,100,11.05,66.7697,123.3711,1650682498
535,noumea,NC,82.99,99,26,14.54,-22.2763,166.4572,1650682499
536,baranchinskiy,RU,32.14,59,44,5.39,58.1617,59.6991,1650682499
537,barcelos,PT,46.85,90,100,1.32,41.5388,-8.6151,1650682500
538,muisne,EC,77.22,82,100,5.79,0.6,-80.0333,1650682500
539,imbituba,BR,73.85,79,100,10.71,-28.24,-48.6703,1650682271
540,marzuq,YE,69.19,43,64,4.25,14.4,46.4667,1650682501
541,kovdor,RU,32.95,97,100,4.32,67.5662,30.4758,1650682501
542,biak,ID,82.63,74,87,1.5,-0.9131,122.8766,1650682301
543,nanchong,CN,80.15,55,0,3.2,30.7951,106.0847,1650682502
544,sarangani,PH,79.25,85,100,14.94,5.4033,125.4636,1650682502
545,ornskoldsvik,SE,38.35,70,75,4.61,63.2909,18.7153,1650682502
546,olafsvik,IS,44.62,87,51,8.34,64.8945,-23.7142,1650682476
547,simao,CN,78.93,44,11,4.52,22.7886,100.9748,1650682503
548,ixtapa,MX,75.22,80,5,3.0,20.7,-105.2,1650682503
549,hambantota,LK,80.94,83,20,5.75,6.1241,81.1185,1650682504
550,boca do acre,BR,72.9,98,7,2.42,-8.7522,-67.3978,1650682504
551,mokhsogollokh,RU,31.95,78,100,2.21,61.4681,128.9203,1650682505
552,mahenge,TZ,63.12,94,88,1.63,-8.6833,36.7167,1650682505
553,sakaraha,MG,70.97,77,97,4.92,-22.9,44.5333,1650682505
554,camocim,BR,76.03,91,88,7.07,-2.9022,-40.8411,1650682506
555,algiers,DZ,53.42,82,0,3.44,36.7525,3.042,1650682506
556,eagle pass,US,88.65,41,40,24.25,28.7091,-100.4995,1650682507
557,takoradi,GH,79.77,86,60,6.82,4.8845,-1.7554,1650682507
558,guiratinga,BR,70.75,69,100,3.8,-16.3494,-53.7583,1650682507
559,ozinki,RU,47.37,95,100,3.31,51.1786,49.6769,1650682508
560,nuevo ideal,MX,66.07,29,46,10.0,24.8875,-105.0728,1650682508
561,zhuanghe,CN,60.58,37,0,14.47,39.7008,122.9911,1650682509
562,stawell,AU,67.01,47,16,6.73,-37.05,142.7667,1650682509
563,keti bandar,PK,82.29,69,0,12.93,24.1447,67.4497,1650682456
564,monrovia,LR,76.77,87,99,2.66,6.3005,-10.7969,1650682311
565,havoysund,NO,35.83,99,100,20.78,70.9963,24.6622,1650682510
566,mindelo,CV,69.35,78,20,16.11,16.8901,-24.9804,1650682510
567,lubaczow,PL,38.52,96,100,4.85,50.157,23.1234,1650682511
568,denpasar,ID,87.46,79,20,9.22,-8.65,115.2167,1650682511
569,husavik,IS,42.21,79,41,6.58,66.0449,-17.3389,1650682511
570,forestville,US,62.24,60,20,5.75,38.8451,-76.875,1650682512
571,bereda,ES,44.15,100,100,1.99,43.2686,-7.5406,1650682512
572,saurimo,AO,61.14,83,92,3.8,-9.6608,20.3916,1650682513
573,korop,UA,42.4,89,96,9.51,51.5664,32.9586,1650682513
574,jiayuguan,CN,63.19,10,100,4.65,39.8167,98.3,1650682513
575,santa ines,BR,73.44,97,100,3.04,-3.6667,-45.38,1650682514
576,fuyang,CN,77.79,61,65,4.81,32.9,115.8167,1650682514
577,nioaque,BR,77.36,56,28,5.03,-21.1353,-55.83,1650682515
578,moerai,PF,77.16,66,100,22.19,-22.4333,-151.3333,1650682515
579,qaqortoq,GL,34.61,99,100,1.41,60.7167,-46.0333,1650682515
